0.0082418,1,1
0.021978,2,1
0.027473,3,1
0.046703,4,1
0.063187,5,1
0.085165,6,1
0.12637,7,1
0.10165,8,1
0.087912,9,1
0.074176,10,1
0.057692,11,1
0.052198,12,1
0.046703,13,1
0.041209,14,1
0.035714,15,1
0.03022,16,1
0.027473,17,1
0.024725,18,1
0.021978,19,1
0.019231,20,1
0,1,2
0.03,2,2
0.02,3,2
0.03,4,2
0.2,5,2
0.2,6,2
0.2,7,2
0.2,8,2
0.02,9,2
0.03,10,2
0.02,11,2
0.04,12,2
0.01,13,2
0,14,2
0,15,2
0,16,2
0,17,2
0,18,2
0,19,2
0,20,2
0.08,1,4
0.08,2,4
0.08,3,4
0.08,4,4
0.1,5,4
0.11,6,4
0.08,7,4
0.05,8,4
0.04,9,4
0.04,10,4
0.04,11,4
0.03,12,4
0.03,13,4
0.03,14,4
0.03,15,4
0.03,16,4
0.02,17,4
0.02,18,4
0.02,19,4
0.01,20,4
0,1,5
0.021127,2,5
0.021127,3,5
0.049296,4,5
0.12676,5,5
0.15493,6,5
0.11972,7,5
0.1831,8,5
0.21127,9,5
0.091549,10,5
0.021127,11,5
0,12,5
0,13,5
0,14,5
0,15,5
0,16,5
0,17,5
0,18,5
0,19,5
0,20,5
0,1,6
0.016949,2,6
0.016949,3,6
0.030508,4,6
0.050847,5,6
0.067797,6,6
0.084746,7,6
0.13559,8,6
0.11864,9,6
0.10169,10,6
0.10169,11,6
0.084746,12,6
0.067797,13,6
0.050847,14,6
0.020339,15,6
0.020339,16,6
0.016949,17,6
0.0067797,18,6
0.0033898,19,6
0.0033898,20,6
0.05,1,8
0.05,2,8
0.05,3,8
0.05,4,8
0.05,5,8
0.05,6,8
0.05,7,8
0.05,8,8
0.05,9,8
0.05,10,8
0.05,11,8
0.05,12,8
0.05,13,8
0.05,14,8
0.05,15,8
0.05,16,8
0.05,17,8
0.05,18,8
0.05,19,8
0.05,20,8
0,1,9
0.21192,2,9
0.17881,3,9
0,4,9
0,5,9
0,6,9
0,7,9
0.16556,8,9
0.13245,9,9
0.099338,10,9
0.092715,11,9
0.066225,12,9
0.05298,13,9
0,14,9
0,15,9
0,16,9
0,17,9
0,18,9
0,19,9
0,20,9
0,1,11
0.088235,2,11
0,3,11
0,4,11
0.14706,5,11
0,6,11
0,7,11
0,8,11
0,9,11
0.16912,10,11
0,11,11
0,12,11
0,13,11
0,14,11
0.27206,15,11
0,16,11
0,17,11
0,18,11
0.32353,19,11
0,20,11
0,1,12
0,2,12
0,3,12
0.19,4,12
0,5,12
0,6,12
0,7,12
0,8,12
0.36,9,12
0.27,10,12
0,11,12
0,12,12
0.1,13,12
0,14,12
0,15,12
0,16,12
0,17,12
0,18,12
0,19,12
0.08,20,12
0.023923,1,13
0.047847,2,13
0.052632,3,13
0.078947,4,13
0.066986,5,13
0.04067,6,13
0.026316,7,13
0.047847,8,13
0.07177,9,13
0.093301,10,13
0.062201,11,13
0.026316,12,13
0.047847,13,13
0.08134,14,13
0.055024,15,13
0.019139,16,13
0.04067,17,13
0.062201,18,13
0.038278,19,13
0.016746,20,13
0.0053191,1,14
0.026596,2,14
0.037234,3,14
0.021277,4,14
0.058511,5,14
0.06383,6,14
0.10638,7,14
0.047872,8,14
0.069149,9,14
0.058511,10,14
0.058511,11,14
0.079787,12,14
0.069149,13,14
0.058511,14,14
0.10638,15,14
0.074468,16,14
0.010638,17,14
0.021277,18,14
0.015957,19,14
0.010638,20,14
0,1,16
0,2,16
0.05,3,16
0.05,4,16
0.05,5,16
0.1,6,16
0.1,7,16
0.1,8,16
0.1,9,16
0.05,10,16
0.05,11,16
0.05,12,16
0.05,13,16
0.05,14,16
0.05,15,16
0.05,16,16
0.05,17,16
0.05,18,16
0,19,16
0,20,16
0.0052632,1,17
0.0052632,2,17
0.010526,3,17
0.021053,4,17
0.036842,5,17
0.047368,6,17
0.073684,7,17
0.094737,8,17
0.13158,9,17
0.17368,10,17
0.12632,11,17
0.089474,12,17
0.063158,13,17
0.042105,14,17
0.026316,15,17
0.021053,16,17
0.010526,17,17
0.010526,18,17
0.0052632,19,17
0.0052632,20,17
0,1,18
0.036765,2,18
0.073529,3,18
0.014706,4,18
0.036765,5,18
0.125,6,18
0.066176,7,18
0.16912,8,18
0.066176,9,18
0.20588,10,18
0.095588,11,18
0,12,18
0,13,18
0,14,18
0.051471,15,18
0,16,18
0,17,18
0,18,18
0.058824,19,18
0,20,18
0,1,19
0.0051546,2,19
0.010309,3,19
0.015464,4,19
0.020619,5,19
0.025773,6,19
0.030928,7,19
0.041237,8,19
0.036082,9,19
0.07732,10,19
0.036082,11,19
0.025773,12,19
0.030928,13,19
0.015464,14,19
0.020619,15,19
0.015464,16,19
0.07732,17,19
0.10309,18,19
0.10309,19,19
0.30928,20,19
0,1,20
0,2,20
0,3,20
0.21186,4,20
0,5,20
0,6,20
0.17797,7,20
0.050847,8,20
0.050847,9,20
0.10169,10,20
0.042373,11,20
0.042373,12,20
0.042373,13,20
0.042373,14,20
0.09322,15,20
0.14407,16,20
0,17,20
0,18,20
0,19,20
0,20,20
0,1,21
0.009434,2,21
0.009434,3,21
0.023585,4,21
0.023585,5,21
0.023585,6,21
0.037736,7,21
0.037736,8,21
0.037736,9,21
0.04717,10,21
0.056604,11,21
0.056604,12,21
0.066038,13,21
0.066038,14,21
0.075472,15,21
0.075472,16,21
0.084906,17,21
0.084906,18,21
0.089623,19,21
0.09434,20,21
0,1,22
0.05,2,22
0.16,3,22
0.18,4,22
0.18,5,22
0.18,6,22
0.15,7,22
0.04,8,22
0.03,9,22
0.02,10,22
0.01,11,22
0,12,22
0,13,22
0,14,22
0,15,22
0,16,22
0,17,22
0,18,22
0,19,22
0,20,22
0.073171,1,24
0.04878,2,24
0.02439,3,24
0.073171,4,24
0.04878,5,24
0.02439,6,24
0.073171,7,24
0.04878,8,24
0.02439,9,24
0.073171,10,24
0.04878,11,24
0.02439,12,24
0.073171,13,24
0.04878,14,24
0.02439,15,24
0.073171,16,24
0.04878,17,24
0.02439,18,24
0.073171,19,24
0.04878,20,24
0,1,25
0.0037736,2,25
0.011321,3,25
0.030189,4,25
0.037736,5,25
0.083019,6,25
0.033962,7,25
0.033962,8,25
0.033962,9,25
0.18868,10,25
0.13962,11,25
0.10943,12,25
0.098113,13,25
0.075472,14,25
0.05283,15,25
0.018868,16,25
0.018868,17,25
0.018868,18,25
0.0075472,19,25
0.0037736,20,25
0,1,26
0.02,2,26
0.05,3,26
0.1,4,26
0.16,5,26
0.21,6,26
0.17,7,26
0.12,8,26
0.09,9,26
0.05,10,26
0.03,11,26
0,12,26
0,13,26
0,14,26
0,15,26
0,16,26
0,17,26
0,18,26
0,19,26
0,20,26
0,1,27
0.03,2,27
0.06,3,27
0.04,4,27
0.01,5,27
0.08,6,27
0.09,7,27
0.18,8,27
0.15,9,27
0,10,27
0.1,11,27
0.26,12,27
0,13,27
0,14,27
0,15,27
0,16,27
0,17,27
0,18,27
0,19,27
0,20,27
0.0027473,1,28
0.0082418,2,28
0.03022,3,28
0.046703,4,28
0.054945,5,28
0.098901,6,28
0.14286,7,28
0.16758,8,28
0.18956,9,28
0.15385,10,28
0.074176,11,28
0.019231,12,28
0.0082418,13,28
0.0027473,14,28
0,15,28
0,16,28
0,17,28
0,18,28
0,19,28
0,20,28
0.044025,1,29
0.046122,2,29
0.050314,3,29
0.056604,4,29
0.060797,5,29
0.062893,6,29
0.062893,7,29
0.06499,8,29
0.067086,9,29
0.083857,10,29
0.075472,11,29
0.062893,12,29
0.054507,13,29
0.050314,14,29
0.044025,15,29
0.037736,16,29
0.031447,17,29
0.023061,18,29
0.014675,19,29
0.0062893,20,29
0,1,30
0.059406,2,30
0.059406,3,30
0.069307,4,30
0.059406,5,30
0.22772,6,30
0.089109,7,30
0.12871,8,30
0.049505,9,30
0.09901,10,30
0.049505,11,30
0.049505,12,30
0.059406,13,30
0,14,30
0,15,30
0,16,30
0,17,30
0,18,30
0,19,30
0,20,30
0.0031546,1,31
0.012618,2,31
0.028391,3,31
0.031546,4,31
0.0347,5,31
0.0347,6,31
0.0347,7,31
0.066246,8,31
0.07571,9,31
0.10726,10,31
0.14511,11,31
0.10726,12,31
0.094637,13,31
0.078864,14,31
0.041009,15,31
0.028391,16,31
0.037855,17,31
0.025237,18,31
0.0063091,19,31
0.0063091,20,31
0,1,32
0,2,32
0,3,32
0.17143,4,32
0,5,32
0.24762,6,32
0,7,32
0,8,32
0.33333,9,32
0,10,32
0,11,32
0.14286,12,32
0,13,32
0,14,32
0,15,32
0.10476,16,32
0,17,32
0,18,32
0,19,32
0,20,32
0.0050251,1,33
0.015075,2,33
0.020101,3,33
0.040201,4,33
0.050251,5,33
0.020101,6,33
0.12563,7,33
0.030151,8,33
0.050251,9,33
0.20101,10,33
0.025126,11,33
0.050251,12,33
0.030151,13,33
0.050251,14,33
0.1005,15,33
0.030151,16,33
0.065327,17,33
0.050251,18,33
0.015075,19,33
0.025126,20,33
0.022792,1,34
0.037037,2,34
0.091168,3,34
0.19373,4,34
0.27635,5,34
0.24217,6,34
0.11111,7,34
0.017094,8,34
0.005698,9,34
0.002849,10,34
0,11,34
0,12,34
0,13,34
0,14,34
0,15,34
0,16,34
0,17,34
0,18,34
0,19,34
0,20,34
0,1,35
0,2,35
0.022556,3,35
0.075188,4,35
0.022556,5,35
0.022556,6,35
0.037594,7,35
0.030075,8,35
0.022556,9,35
0.075188,10,35
0.030075,11,35
0.075188,12,35
0.15038,13,35
0.075188,14,35
0.15789,15,35
0.082707,16,35
0.1203,17,35
0,18,35
0,19,35
0,20,35
0.0026247,1,36
0.044619,2,36
0.060367,3,36
0.041995,4,36
0.036745,5,36
0.03937,6,36
0.047244,7,36
0.070866,8,36
0.089239,9,36
0.10236,10,36
0.10236,11,36
0.10761,12,36
0.11811,13,36
0.055118,14,36
0.034121,15,36
0.010499,16,36
0.010499,17,36
0.010499,18,36
0.007874,19,36
0.007874,20,36
0,1,37
0.0040486,2,37
0.0080972,3,37
0.012146,4,37
0.016194,5,37
0.036437,6,37
0.068826,7,37
0.097166,8,37
0.12551,9,37
0.14575,10,37
0.12551,11,37
0.10526,12,37
0.080972,13,37
0.060729,14,37
0.044534,15,37
0.02834,16,37
0.016194,17,37
0.012146,18,37
0.0080972,19,37
0.0040486,20,37
0,1,38
0,2,38
0,3,38
0,4,38
0.13986,5,38
0,6,38
0.2028,7,38
0.18881,8,38
0.15385,9,38
0,10,38
0.29371,11,38
0,12,38
0,13,38
0,14,38
0.020979,15,38
0,16,38
0,17,38
0,18,38
0,19,38
0,20,38
0,1,39
0.01,2,39
0.03,3,39
0.05,4,39
0.08,5,39
0.12,6,39
0.12,7,39
0.09,8,39
0.1,9,39
0.13,10,39
0.05,11,39
0.03,12,39
0.02,13,39
0.02,14,39
0.02,15,39
0.05,16,39
0.03,17,39
0.03,18,39
0.02,19,39
0,20,39
0,1,40
0,2,40
0.19802,3,40
0.20792,4,40
0.049505,5,40
0.049505,6,40
0,7,40
0,8,40
0,9,40
0,10,40
0.09901,11,40
0.09901,12,40
0.09901,13,40
0.049505,14,40
0.09901,15,40
0,16,40
0,17,40
0,18,40
0,19,40
0.049505,20,40
0.0094251,1,41
0.014138,2,41
0.02639,3,41
0.042413,4,41
0.04524,5,41
0.065975,6,41
0.087653,7,41
0.089538,8,41
0.091423,9,41
0.094251,10,41
0.084826,11,41
0.075401,12,41
0.065975,13,41
0.05655,14,41
0.047125,15,41
0.0377,16,41
0.028275,17,41
0.01885,18,41
0.0094251,19,41
0.0094251,20,41
0.0019231,1,42
0.0067308,2,42
0.0125,3,42
0.017308,4,42
0.024038,5,42
0.028846,6,42
0.033654,7,42
0.038462,8,42
0.043269,9,42
0.048077,10,42
0.052885,11,42
0.057692,12,42
0.0625,13,42
0.067308,14,42
0.072115,15,42
0.076923,16,42
0.081731,17,42
0.086538,18,42
0.091346,19,42
0.096154,20,42
0.009009,1,43
0.013514,2,43
0.018018,3,43
0.022523,4,43
0.027027,5,43
0.031532,6,43
0.036036,7,43
0.040541,8,43
0.045045,9,43
0.045045,10,43
0.04955,11,43
0.054054,12,43
0.054054,13,43
0.058559,14,43
0.063063,15,43
0.067568,16,43
0.072072,17,43
0.081081,18,43
0.099099,19,43
0.11261,20,43
0,1,44
0,2,44
0,3,44
0,4,44
0,5,44
0,6,44
0,7,44
0,8,44
0,9,44
1,10,44
0,11,44
0,12,44
0,13,44
0,14,44
0,15,44
0,16,44
0,17,44
0,18,44
0,19,44
0,20,44
0,1,45
0.01087,2,45
0.01087,3,45
0.014493,4,45
0.021739,5,45
0.021739,6,45
0.025362,7,45
0.025362,8,45
0.036232,9,45
0.043478,10,45
0.054348,11,45
0.043478,12,45
0.032609,13,45
0.039855,14,45
0.061594,15,45
0.083333,16,45
0.10145,17,45
0.13043,18,45
0.14855,19,45
0.094203,20,45
0,1,46
0,2,46
0,3,46
0,4,46
0,5,46
0,6,46
0,7,46
0,8,46
0.25,9,46
0.5,10,46
0.25,11,46
0,12,46
0,13,46
0,14,46
0,15,46
0,16,46
0,17,46
0,18,46
0,19,46
0,20,46
0.052632,1,47
0.019737,2,47
0.032895,3,47
0.039474,4,47
0.046053,5,47
0.059211,6,47
0.072368,7,47
0.085526,8,47
0.10526,9,47
0.125,10,47
0.10526,11,47
0.072368,12,47
0.046053,13,47
0.039474,14,47
0.032895,15,47
0.019737,16,47
0.013158,17,47
0.013158,18,47
0.013158,19,47
0.0065789,20,47
0.0053619,1,48
0.018767,2,48
0.032172,3,48
0.040214,4,48
0.048257,5,48
0.058981,6,48
0.069705,7,48
0.088472,8,48
0.10456,9,48
0.12601,10,48
0.10456,11,48
0.085791,12,48
0.067024,13,48
0.050938,14,48
0.037534,15,48
0.02681,16,48
0.016086,17,48
0.010724,18,48
0.0053619,19,48
0.002681,20,48
0,1,49
0,2,49
0,3,49
0,4,49
0,5,49
0.33,6,49
0,7,49
0,8,49
0,9,49
0.33,10,49
0,11,49
0,12,49
0.33,13,49
0,14,49
0,15,49
0,16,49
0,17,49
0,18,49
0,19,49
0.01,20,49
0,1,50
0.039604,2,50
0.16832,3,50
0,4,50
0,5,50
0.28713,6,50
0,7,50
0,8,50
0,9,50
0.079208,10,50
0,11,50
0.15842,12,50
0,13,50
0,14,50
0.18812,15,50
0,16,50
0,17,50
0.079208,18,50
0,19,50
0,20,50
0.0023753,1,51
0.014252,2,51
0.021378,3,51
0.030879,4,51
0.04038,5,51
0.054632,6,51
0.066508,7,51
0.078385,8,51
0.083135,9,51
0.092637,10,51
0.085511,11,51
0.078385,12,51
0.073634,13,51
0.066508,14,51
0.059382,15,51
0.047506,16,51
0.038005,17,51
0.033254,18,51
0.023753,19,51
0.0095012,20,51
0,1,52
0,2,52
0,3,52
0,4,52
0,5,52
0,6,52
0,7,52
0,8,52
0,9,52
0,10,52
0,11,52
0,12,52
0,13,52
0,14,52
0,15,52
0.039604,16,52
0,17,52
0,18,52
0,19,52
0.9604,20,52
0.0018553,1,53
0.018553,2,53
0.03154,3,53
0.092764,4,53
0.064935,5,53
0.053803,6,53
0.06679,7,53
0.072356,8,53
0.061224,9,53
0.072356,10,53
0.06679,11,53
0.038961,12,53
0.027829,13,53
0.029685,14,53
0.040816,15,53
0.064935,16,53
0.038961,17,53
0.024119,18,53
0.020408,19,53
0.11132,20,53
0.0079365,1,54
0.015873,2,54
0.015873,3,54
0.031746,4,54
0.047619,5,54
0.015873,6,54
0.031746,7,54
0.063492,8,54
0.047619,9,54
0.063492,10,54
0.071429,11,54
0.079365,12,54
0.087302,13,54
0.11111,14,54
0.11905,15,54
0.087302,16,54
0.047619,17,54
0.02381,18,54
0.015873,19,54
0.015873,20,54
0.025974,1,55
0.032468,2,55
0.032468,3,55
0.038961,4,55
0.045455,5,55
0.051948,6,55
0.064935,7,55
0.071429,8,55
0.071429,9,55
0.071429,10,55
0.071429,11,55
0.071429,12,55
0.064935,13,55
0.058442,14,55
0.051948,15,55
0.045455,16,55
0.038961,17,55
0.032468,18,55
0.032468,19,55
0.025974,20,55
0,1,56
0.01,2,56
0.01,3,56
0.02,4,56
0.11,5,56
0.02,6,56
0.01,7,56
0.04,8,56
0.02,9,56
0.07,10,56
0.15,11,56
0.15,12,56
0.06,13,56
0.02,14,56
0.01,15,56
0.01,16,56
0.02,17,56
0.08,18,56
0.09,19,56
0.1,20,56
0.02,1,57
0.02,2,57
0.02,3,57
0.02,4,57
0.02,5,57
0.02,6,57
0.05,7,57
0.1,8,57
0.13,9,57
0.18,10,57
0.13,11,57
0.1,12,57
0.05,13,57
0.02,14,57
0.02,15,57
0.02,16,57
0.02,17,57
0.02,18,57
0.02,19,57
0.02,20,57
0.0018975,1,58
0.0094877,2,58
0.018975,3,58
0.037951,4,58
0.047438,5,58
0.056926,6,58
0.066414,7,58
0.075901,8,58
0.085389,9,58
0.10436,10,58
0.094877,11,58
0.085389,12,58
0.075901,13,58
0.066414,14,58
0.056926,15,58
0.047438,16,58
0.037951,17,58
0.018975,18,58
0.0094877,19,58
0.0018975,20,58
0,1,59
0.19231,2,59
0.28846,3,59
0.38462,4,59
0.096154,5,59
0.019231,6,59
0.0096154,7,59
0.0096154,8,59
0,9,59
0,10,59
0,11,59
0,12,59
0,13,59
0,14,59
0,15,59
0,16,59
0,17,59
0,18,59
0,19,59
0,20,59
0.0060241,1,60
0.012048,2,60
0.012048,3,60
0.018072,4,60
0.042169,5,60
0.042169,6,60
0.036145,7,60
0.048193,8,60
0.13855,9,60
0.12651,10,60
0.16265,11,60
0.084337,12,60
0.1506,13,60
0.042169,14,60
0.018072,15,60
0.018072,16,60
0.018072,17,60
0.012048,18,60
0.0060241,19,60
0.0060241,20,60
0,1,61
0,2,61
0,3,61
0,4,61
0.029703,5,61
0.049505,6,61
0.09901,7,61
0.14851,8,61
0.14851,9,61
0.19802,10,61
0.14851,11,61
0.09901,12,61
0.049505,13,61
0.029703,14,61
0,15,61
0,16,61
0,17,61
0,18,61
0,19,61
0,20,61
0.02439,1,62
0.03252,2,62
0.04065,3,62
0.04878,4,62
0.065041,5,62
0.097561,6,62
0.13008,7,62
0.11382,8,62
0.097561,9,62
0.081301,10,62
0.04878,11,62
0.03252,12,62
0.03252,13,62
0.02439,14,62
0.02439,15,62
0.02439,16,62
0.03252,17,62
0.02439,18,62
0.0081301,19,62
0.01626,20,62
0,1,63
0,2,63
0,3,63
0,4,63
0,5,63
0.046729,6,63
0.074766,7,63
0.14953,8,63
0.23364,9,63
0.29907,10,63
0.19626,11,63
0,12,63
0,13,63
0,14,63
0,15,63
0,16,63
0,17,63
0,18,63
0,19,63
0,20,63
0,1,64
0,2,64
0,3,64
0,4,64
0,5,64
0,6,64
0,7,64
0.080882,8,64
0.18382,9,64
0.21324,10,64
0.22059,11,64
0.20588,12,64
0.095588,13,64
0,14,64
0,15,64
0,16,64
0,17,64
0,18,64
0,19,64
0,20,64
0.015106,1,65
0.018127,2,65
0.028701,3,65
0.036254,4,65
0.042296,5,65
0.05136,6,65
0.058912,7,65
0.066465,8,65
0.075529,9,65
0.089124,10,65
0.1148,11,65
0.098187,12,65
0.08006,13,65
0.066465,14,65
0.05287,15,65
0.039275,16,65
0.028701,17,65
0.018127,18,65
0.012085,19,65
0.0075529,20,65
0.0043103,1,66
0.0086207,2,66
0.012931,3,66
0.017241,4,66
0.034483,5,66
0.051724,6,66
0.068966,7,66
0.086207,8,66
0.12069,9,66
0.18103,10,66
0.12069,11,66
0.086207,12,66
0.068966,13,66
0.051724,14,66
0.034483,15,66
0.017241,16,66
0.012931,17,66
0.0086207,18,66
0.0043103,19,66
0.0086207,20,66
0.0055866,1,67
0.0055866,2,67
0.011173,3,67
0.03352,4,67
0.039106,5,67
0.061453,6,67
0.089385,7,67
0.10615,8,67
0.13408,9,67
0.15642,10,67
0.11732,11,67
0.067039,12,67
0.039106,13,67
0.03352,14,67
0.03352,15,67
0.022346,16,67
0.022346,17,67
0.011173,18,67
0.0055866,19,67
0.0055866,20,67
0,1,68
0.0091743,2,68
0.018349,3,68
0.027523,4,68
0.027523,5,68
0.045872,6,68
0.10092,7,68
0.12844,8,68
0.16514,9,68
0.14679,10,68
0.11009,11,68
0.091743,12,68
0.055046,13,68
0.027523,14,68
0.018349,15,68
0.0091743,16,68
0.0091743,17,68
0.0091743,18,68
0,19,68
0,20,68
0,1,69
0.0052632,2,69
0.010526,3,69
0.026316,4,69
0.063158,5,69
0.089474,6,69
0.12632,7,69
0.16842,8,69
0.15263,9,69
0.12632,10,69
0.1,11,69
0.068421,12,69
0.042105,13,69
0.015789,14,69
0.0052632,15,69
0,16,69
0,17,69
0,18,69
0,19,69
0,20,69
0,1,70
0,2,70
0,3,70
0.05,4,70
0.05,5,70
0.2,6,70
0.2,7,70
0.1,8,70
0.1,9,70
0.05,10,70
0.1,11,70
0.1,12,70
0,13,70
0.05,14,70
0,15,70
0,16,70
0,17,70
0,18,70
0,19,70
0,20,70
0.0061728,1,71
0.024691,2,71
0.04321,3,71
0.061728,4,71
0.08642,5,71
0.10494,6,71
0.12346,7,71
0.12346,8,71
0.11728,9,71
0.092593,10,71
0.067901,11,71
0.049383,12,71
0.030864,13,71
0.024691,14,71
0.012346,15,71
0.0061728,16,71
0.0061728,17,71
0.0061728,18,71
0.0061728,19,71
0.0061728,20,71
0.00998,1,72
0.01996,2,72
0.02994,3,72
0.03992,4,72
0.0499,5,72
0.05988,6,72
0.06986,7,72
0.07984,8,72
0.08982,9,72
0.0998,10,72
0.08982,11,72
0.07984,12,72
0.06986,13,72
0.05988,14,72
0.0499,15,72
0.03992,16,72
0.02994,17,72
0.01996,18,72
0.00998,19,72
0.001996,20,72
0.009901,1,73
0.019802,2,73
0.029703,3,73
0.049505,4,73
0.049505,5,73
0.059406,6,73
0.069307,7,73
0.079208,8,73
0.079208,9,73
0.10891,10,73
0.089109,11,73
0.079208,12,73
0.069307,13,73
0.049505,14,73
0.049505,15,73
0.039604,16,73
0.029703,17,73
0.019802,18,73
0.009901,19,73
0.009901,20,73
0,1,74
0.05,2,74
0.08,3,74
0.18,4,74
0,5,74
0,6,74
0.33,7,74
0,8,74
0.1,9,74
0.24,10,74
0,11,74
0.02,12,74
0,13,74
0,14,74
0,15,74
0,16,74
0,17,74
0,18,74
0,19,74
0,20,74
0,1,75
0.028011,2,75
0.022409,3,75
0.022409,4,75
0.022409,5,75
0.019608,6,75
0.019608,7,75
0.022409,8,75
0.02521,9,75
0.030812,10,75
0.033613,11,75
0.036415,12,75
0.044818,13,75
0.05042,14,75
0.058824,15,75
0.067227,16,75
0.086835,17,75
0.11204,18,75
0.13445,19,75
0.16246,20,75
0.19337,1,76
0.14917,2,76
0.1326,3,76
0,4,76
0,5,76
0,6,76
0,7,76
0,8,76
0.060773,9,76
0.071823,10,76
0.088398,11,76
0,12,76
0.066298,13,76
0,14,76
0.082873,15,76
0,16,76
0.055249,17,76
0,18,76
0,19,76
0.099448,20,76
0.020921,1,77
0.025105,2,77
0.031381,3,77
0.054393,4,77
0.083682,5,77
0.083682,6,77
0.083682,7,77
0.087866,8,77
0.09205,9,77
0.073222,10,77
0.08159,11,77
0.052301,12,77
0.054393,13,77
0.046025,14,77
0.039749,15,77
0.033473,16,77
0.029289,17,77
0.012552,18,77
0.01046,19,77
0.0041841,20,77
0.01,1,78
0.04,2,78
0.05,3,78
0.06,4,78
0.06,5,78
0.06,6,78
0.06,7,78
0.04,8,78
0.04,9,78
0.04,10,78
0.06,11,78
0.06,12,78
0.08,13,78
0.08,14,78
0.08,15,78
0.07,16,78
0.05,17,78
0.02,18,78
0.02,19,78
0.02,20,78
0,1,79
0,2,79
0.10811,3,79
0.040541,4,79
0.047297,5,79
0.060811,6,79
0.060811,7,79
0.054054,8,79
0.047297,9,79
0.087838,10,79
0.10811,11,79
0.10135,12,79
0.087838,13,79
0.054054,14,79
0.040541,15,79
0.054054,16,79
0.027027,17,79
0.0067568,18,79
0.0067568,19,79
0.0067568,20,79
0.08,1,80
0.08,2,80
0.072,3,80
0.064,4,80
0.056,5,80
0.048,6,80
0.04,7,80
0.024,8,80
0.016,9,80
0.008,10,80
0.016,11,80
0.024,12,80
0.032,13,80
0.04,14,80
0.048,15,80
0.056,16,80
0.064,17,80
0.072,18,80
0.08,19,80
0.08,20,80
0.0090992,1,81
0.018198,2,81
0.027298,3,81
0.036397,4,81
0.045496,5,81
0.054595,6,81
0.063694,7,81
0.072793,8,81
0.081893,9,81
0.090992,10,81
0.090992,11,81
0.081893,12,81
0.072793,13,81
0.063694,14,81
0.054595,15,81
0.045496,16,81
0.036397,17,81
0.026388,18,81
0.018198,19,81
0.0090992,20,81
0.014409,1,82
0.020173,2,82
0.023055,3,82
0.028818,4,82
0.034582,5,82
0.048991,6,82
0.066282,7,82
0.083573,8,82
0.10663,9,82
0.14409,10,82
0.10663,11,82
0.083573,12,82
0.066282,13,82
0.048991,14,82
0.034582,15,82
0.028818,16,82
0.023055,17,82
0.020173,18,82
0.011527,19,82
0.0057637,20,82
0,1,83
0,2,83
0.079208,3,83
0.12871,4,83
0.26733,5,83
0.09901,6,83
0.09901,7,83
0.079208,8,83
0.10891,9,83
0.11881,10,83
0.019802,11,83
0,12,83
0,13,83
0,14,83
0,15,83
0,16,83
0,17,83
0,18,83
0,19,83
0,20,83
0.023599,1,84
0.029499,2,84
0.035398,3,84
0.041298,4,84
0.047198,5,84
0.047198,6,84
0.058997,7,84
0.073746,8,84
0.079646,9,84
0.097345,10,84
0.14159,11,84
0.082596,12,84
0.061947,13,84
0.050147,14,84
0.038348,15,84
0.023599,16,84
0.020649,17,84
0.017699,18,84
0.020649,19,84
0.0088496,20,84
0.0018587,1,85
0.0037175,2,85
0.0055762,3,85
0.011152,4,85
0.02974,5,85
0.046468,6,85
0.066914,7,85
0.089219,8,85
0.10967,9,85
0.13569,10,85
0.13569,11,85
0.10967,12,85
0.089219,13,85
0.066914,14,85
0.046468,15,85
0.02974,16,85
0.011152,17,85
0.0055762,18,85
0.0037175,19,85
0.0018587,20,85
0.0082531,1,86
0.020633,2,86
0.026135,3,86
0.034388,4,86
0.038514,5,86
0.049519,6,86
0.061898,7,86
0.072902,8,86
0.088033,9,86
0.10179,10,86
0.088033,11,86
0.081155,12,86
0.077029,13,86
0.066025,14,86
0.061898,15,86
0.046768,16,86
0.037139,17,86
0.023384,18,86
0.011004,19,86
0.0055021,20,86
0,1,87
0,2,87
0,3,87
0,4,87
0,5,87
0,6,87
0,7,87
0,8,87
0,9,87
0,10,87
0.16541,11,87
0.26316,12,87
0.52632,13,87
0.022556,14,87
0.022556,15,87
0,16,87
0,17,87
0,18,87
0,19,87
0,20,87
0.01,1,88
0.01,2,88
0.01,3,88
0.01,4,88
0.03,5,88
0.04,6,88
0.08,7,88
0.32,8,88
0.22,9,88
0.1,10,88
0.05,11,88
0.03,12,88
0.02,13,88
0.01,14,88
0.01,15,88
0.01,16,88
0.01,17,88
0.01,18,88
0.01,19,88
0.01,20,88
0,1,89
0.012448,2,89
0.024896,3,89
0.043568,4,89
0.070539,5,89
0.074689,6,89
0.091286,7,89
0.11411,8,89
0.10996,9,89
0.10996,10,89
0.10581,11,89
0.082988,12,89
0.051867,13,89
0.039419,14,89
0.024896,15,89
0.018672,16,89
0.010373,17,89
0.0082988,18,89
0.0041494,19,89
0.0020747,20,89
0.01278,1,90
0.019169,2,90
0.022364,3,90
0.022364,4,90
0.031949,5,90
0.044728,6,90
0.054313,7,90
0.070288,8,90
0.083067,9,90
0.10543,10,90
0.095847,11,90
0.086262,12,90
0.076677,13,90
0.067093,14,90
0.060703,15,90
0.051118,16,90
0.038339,17,90
0.028754,18,90
0.019169,19,90
0.0095847,20,90
0.016575,1,91
0.060773,2,91
0.055249,3,91
0.077348,4,91
0.099448,5,91
0.066298,6,91
0.044199,7,91
0.060773,8,91
0.038674,9,91
0.035912,10,91
0.044199,11,91
0.066298,12,91
0.071823,13,91
0.052486,14,91
0.019337,15,91
0.019337,16,91
0.035912,17,91
0.046961,18,91
0.055249,19,91
0.033149,20,91
0,1,92
0,2,92
0,3,92
0.073529,4,92
0.11029,5,92
0.073529,6,92
0.18382,7,92
0.22059,8,92
0,9,92
0.18382,10,92
0.11029,11,92
0.036765,12,92
0,13,92
0,14,92
0,15,92
0,16,92
0,17,92
0,18,92
0,19,92
0.0073529,20,92
0.022523,1,93
0.031532,2,93
0.039039,3,93
0.043544,4,93
0.051051,5,93
0.055556,6,93
0.06006,7,93
0.066066,8,93
0.070571,9,93
0.070571,10,93
0.072072,11,93
0.069069,12,93
0.061562,13,93
0.057057,14,93
0.055556,15,93
0.051051,16,93
0.043544,17,93
0.036036,18,93
0.027027,19,93
0.016517,20,93
0.064815,1,94
0,2,94
0.13889,3,94
0,4,94
0.19444,5,94
0.27778,6,94
0,7,94
0,8,94
0,9,94
0.32407,10,94
0,11,94
0,12,94
0,13,94
0,14,94
0,15,94
0,16,94
0,17,94
0,18,94
0,19,94
0,20,94
0,1,95
0.0097087,2,95
0.019417,3,95
0.029126,4,95
0.038835,5,95
0.048544,6,95
0.058252,7,95
0.07767,8,95
0.12621,9,95
0.16505,10,95
0.12621,11,95
0.07767,12,95
0.058252,13,95
0.048544,14,95
0.038835,15,95
0.029126,16,95
0.019417,17,95
0.019417,18,95
0.0097087,19,95
0,20,95
0,1,96
0,2,96
0,3,96
0.0041322,4,96
0.016529,5,96
0.033058,6,96
0.057851,7,96
0.099174,8,96
0.16529,9,96
0.24793,10,96
0.16529,11,96
0.099174,12,96
0.057851,13,96
0.033058,14,96
0.016529,15,96
0.0041322,16,96
0,17,96
0,18,96
0,19,96
0,20,96
0.011204,1,97
0.022409,2,97
0.047619,3,97
0.056022,4,97
0.064426,5,97
0.072829,6,97
0.089636,7,97
0.098039,8,97
0.10084,9,97
0.10924,10,97
0.086835,11,97
0.067227,12,97
0.056022,13,97
0.044818,14,97
0.02521,15,97
0.016807,16,97
0.014006,17,97
0.0084034,18,97
0.0056022,19,97
0.0028011,20,97
0,1,98
0.02,2,98
0.05,3,98
0.08,4,98
0.11,5,98
0.13,6,98
0.13,7,98
0.11,8,98
0.1,9,98
0.08,10,98
0.05,11,98
0.04,12,98
0.02,13,98
0.02,14,98
0.02,15,98
0.01,16,98
0.01,17,98
0.01,18,98
0.01,19,98
0,20,98
0.013566,1,99
0.015504,2,99
0.021318,3,99
0.027132,4,99
0.032946,5,99
0.04845,6,99
0.062016,7,99
0.083333,8,99
0.094961,9,99
0.1376,10,99
0.11434,11,99
0.10271,12,99
0.073643,13,99
0.062016,14,99
0.050388,15,99
0.02907,16,99
0.017442,17,99
0.0077519,18,99
0.003876,19,99
0.001938,20,99
0.02,1,100
0.02,2,100
0.03,3,100
0.02,4,100
0.03,5,100
0.03,6,100
0.03,7,100
0.04,8,100
0.05,9,100
0.06,10,100
0.13,11,100
0.16,12,100
0.17,13,100
0.05,14,100
0.04,15,100
0.03,16,100
0.03,17,100
0.02,18,100
0.02,19,100
0.02,20,100
0,1,101
0.02,2,101
0.07,3,101
0.21,4,101
0.24,5,101
0.25,6,101
0.21,7,101
0,8,101
0,9,101
0,10,101
0,11,101
0,12,101
0,13,101
0,14,101
0,15,101
0,16,101
0,17,101
0,18,101
0,19,101
0,20,101
0.01,1,102
0.02,2,102
0.02,3,102
0.03,4,102
0.04,5,102
0.05,6,102
0.1,7,102
0.2,8,102
0.2,9,102
0.1,10,102
0.05,11,102
0.02,12,102
0.02,13,102
0.02,14,102
0.02,15,102
0.02,16,102
0.02,17,102
0.02,18,102
0.02,19,102
0.02,20,102
0.008547,1,103
0.012821,2,103
0.034188,3,103
0.042735,4,103
0.076923,5,103
0.08547,6,103
0.076923,7,103
0.064103,8,103
0.051282,9,103
0.042735,10,103
0.051282,11,103
0.064103,12,103
0.076923,13,103
0.08547,14,103
0.076923,15,103
0.047009,16,103
0.038462,17,103
0.034188,18,103
0.021368,19,103
0.008547,20,103
0,1,104
0.069307,2,104
0.16832,3,104
0.19802,4,104
0.16832,5,104
0.11881,6,104
0.069307,7,104
0.039604,8,104
0,9,104
0.079208,10,104
0,11,104
0,12,104
0,13,104
0,14,104
0.029703,15,104
0.019802,16,104
0.019802,17,104
0.019802,18,104
0,19,104
0,20,104
0.01,1,105
0.02,2,105
0.06,3,105
0.06,4,105
0.09,5,105
0.05,6,105
0.04,7,105
0.04,8,105
0.03,9,105
0.08,10,105
0.06,11,105
0.08,12,105
0.08,13,105
0.1,14,105
0.06,15,105
0.05,16,105
0.03,17,105
0.03,18,105
0.02,19,105
0.01,20,105
0,1,106
0,2,106
0,3,106
0,4,106
0,5,106
0.4,6,106
0,7,106
0.05,8,106
0.2,9,106
0.1,10,106
0,11,106
0.2,12,106
0,13,106
0.05,14,106
0,15,106
0,16,106
0,17,106
0,18,106
0,19,106
0,20,106
0.0096154,1,107
0.0096154,2,107
0.019231,3,107
0.033654,4,107
0.043269,5,107
0.052885,6,107
0.0625,7,107
0.086538,8,107
0.10577,9,107
0.14423,10,107
0.10577,11,107
0.086538,12,107
0.0625,13,107
0.052885,14,107
0.043269,15,107
0.033654,16,107
0.019231,17,107
0.0096154,18,107
0.0096154,19,107
0.0096154,20,107
0.05,1,108
0.05,2,108
0.05,3,108
0.05,4,108
0.05,5,108
0.05,6,108
0.05,7,108
0.05,8,108
0.05,9,108
0.05,10,108
0.05,11,108
0.05,12,108
0.05,13,108
0.05,14,108
0.05,15,108
0.05,16,108
0.05,17,108
0.05,18,108
0.05,19,108
0.05,20,108
0,1,109
0.019608,2,109
0.039216,3,109
0.058824,4,109
0.15686,5,109
0.18627,6,109
0.13725,7,109
0.098039,8,109
0.088235,9,109
0.078431,10,109
0.019608,11,109
0.019608,12,109
0.019608,13,109
0.019608,14,109
0.0098039,15,109
0.0098039,16,109
0.0098039,17,109
0.0098039,18,109
0.0098039,19,109
0.0098039,20,109
0.01,1,110
0.02,2,110
0.03,3,110
0.07,4,110
0.06,5,110
0.02,6,110
0.03,7,110
0.03,8,110
0.04,9,110
0.05,10,110
0.07,11,110
0.07,12,110
0.05,13,110
0.03,14,110
0.05,15,110
0.03,16,110
0.03,17,110
0.04,18,110
0.1,19,110
0.17,20,110
0.05,1,111
0.05,2,111
0.05,3,111
0.05,4,111
0.05,5,111
0.05,6,111
0.05,7,111
0.05,8,111
0.05,9,111
0.05,10,111
0.05,11,111
0.05,12,111
0.05,13,111
0.05,14,111
0.05,15,111
0.05,16,111
0.05,17,111
0.05,18,111
0.05,19,111
0.05,20,111
0.0072993,1,112
0.11314,2,112
0.11314,3,112
0.12409,4,112
0.080292,5,112
0.076642,6,112
0.087591,7,112
0.054745,8,112
0.062044,9,112
0.025547,10,112
0.036496,11,112
0.014599,12,112
0.021898,13,112
0.010949,14,112
0.021898,15,112
0.018248,16,112
0.029197,17,112
0.058394,18,112
0.025547,19,112
0.018248,20,112
0.05,1,113
0.05,2,113
0.05,3,113
0.05,4,113
0.05,5,113
0.05,6,113
0.05,7,113
0.05,8,113
0.05,9,113
0.05,10,113
0.05,11,113
0.05,12,113
0.05,13,113
0.05,14,113
0.05,15,113
0.05,16,113
0.05,17,113
0.05,18,113
0.05,19,113
0.05,20,113
0.01,1,114
0.02,2,114
0.03,3,114
0.04,4,114
0.05,5,114
0.06,6,114
0.07,7,114
0.08,8,114
0.09,9,114
0.09,10,114
0.09,11,114
0.08,12,114
0.07,13,114
0.06,14,114
0.05,15,114
0.04,16,114
0.03,17,114
0.02,18,114
0.01,19,114
0.01,20,114
0,1,115
0,2,115
0.076923,3,115
0,4,115
0,5,115
0,6,115
0.125,7,115
0,8,115
0.26923,9,115
0.19231,10,115
0.057692,11,115
0.15385,12,115
0,13,115
0,14,115
0,15,115
0,16,115
0.10577,17,115
0,18,115
0.019231,19,115
0,20,115
0.12739,1,116
0.0038217,2,116
0.089172,3,116
0.081529,4,116
0.036943,5,116
0.057325,6,116
0.019108,7,116
0.044586,8,116
0,9,116
0.014013,10,116
0.038217,11,116
0.073885,12,116
0.056051,13,116
0.092994,14,116
0.042038,15,116
0.076433,16,116
0.025478,17,116
0.06242,18,116
0.050955,19,116
0.0076433,20,116
0.012245,1,117
0.028571,2,117
0.036735,3,117
0.053061,4,117
0.077551,5,117
0.081633,6,117
0.061224,7,117
0.10204,8,117
0.04898,9,117
0.036735,10,117
0.020408,11,117
0.089796,12,117
0.061224,13,117
0.053061,14,117
0.044898,15,117
0.057143,16,117
0.04898,17,117
0.077551,18,117
0.0081633,19,117
0,20,117
0,1,118
0.0092593,2,118
0.018519,3,118
0.16667,4,118
0.10185,5,118
0.027778,6,118
0.037037,7,118
0.046296,8,118
0.14815,9,118
0.22222,10,118
0.092593,11,118
0.046296,12,118
0.018519,13,118
0.018519,14,118
0.0092593,15,118
0.0092593,16,118
0.0092593,17,118
0.0092593,18,118
0.0092593,19,118
0,20,118
0.0081301,1,119
0.0081301,2,119
0.0081301,3,119
0.0081301,4,119
0.0081301,5,119
0.01626,6,119
0.04065,7,119
0.13008,8,119
0.19512,9,119
0.25203,10,119
0.18699,11,119
0.065041,12,119
0.01626,13,119
0.0081301,14,119
0.0081301,15,119
0.0081301,16,119
0.0081301,17,119
0.0081301,18,119
0.0081301,19,119
0.0081301,20,119
0.019531,1,120
0.019531,2,120
0.039062,3,120
0.039062,4,120
0.054688,5,120
0.0625,6,120
0.070312,7,120
0.074219,8,120
0.074219,9,120
0.082031,10,120
0.082031,11,120
0.074219,12,120
0.074219,13,120
0.058594,14,120
0.050781,15,120
0.015625,16,120
0.027344,17,120
0.035156,18,120
0.027344,19,120
0.019531,20,120
0,1,121
0.026316,2,121
0,3,121
0.11842,4,121
0,5,121
0,6,121
0.072368,7,121
0,8,121
0.13158,9,121
0.026316,10,121
0.085526,11,121
0.039474,12,121
0.13816,13,121
0.23684,14,121
0.125,15,121
0,16,121
0,17,121
0,18,121
0,19,121
0,20,121
0.02,1,122
0.09,2,122
0.15,3,122
0.09,4,122
0.22,5,122
0.08,6,122
0.12,7,122
0.07,8,122
0.05,9,122
0.03,10,122
0.02,11,122
0.03,12,122
0.02,13,122
0.01,14,122
0,15,122
0,16,122
0,17,122
0,18,122
0,19,122
0,20,122
0.0070423,1,123
0.014085,2,123
0.021127,3,123
0.035211,4,123
0.028169,5,123
0.049296,6,123
0.06338,7,123
0.077465,8,123
0.10563,9,123
0.1338,10,123
0.098592,11,123
0.084507,12,123
0.070423,13,123
0.056338,14,123
0.049296,15,123
0.035211,16,123
0.028169,17,123
0.028169,18,123
0.014085,19,123
0,20,123
0.0070423,1,124
0.021127,2,124
0.021127,3,124
0.11972,4,124
0.042254,5,124
0.084507,6,124
0.042254,7,124
0.056338,8,124
0.070423,9,124
0.12676,10,124
0.084507,11,124
0.11972,12,124
0.056338,13,124
0.056338,14,124
0.049296,15,124
0.0070423,16,124
0.014085,17,124
0.014085,18,124
0.0070423,19,124
0,20,124
0,1,125
0,2,125
0,3,125
0,4,125
0,5,125
0.05,6,125
0.05,7,125
0.1,8,125
0.1,9,125
0.1,10,125
0.2,11,125
0.2,12,125
0.1,13,125
0.05,14,125
0.05,15,125
0,16,125
0,17,125
0,18,125
0,19,125
0,20,125
0,1,126
0,2,126
0,3,126
0.045872,4,126
0,5,126
0,6,126
0,7,126
0.091743,8,126
0,9,126
0.19266,10,126
0.2844,11,126
0.22936,12,126
0.10092,13,126
0,14,126
0,15,126
0,16,126
0,17,126
0,18,126
0.045872,19,126
0.0091743,20,126
0.026374,1,127
0.028571,2,127
0.030769,3,127
0.032967,4,127
0.037363,5,127
0.041758,6,127
0.050549,7,127
0.054945,8,127
0.068132,9,127
0.083516,10,127
0.10989,11,127
0.083516,12,127
0.072527,13,127
0.061538,14,127
0.050549,15,127
0.03956,16,127
0.037363,17,127
0.035165,18,127
0.028571,19,127
0.026374,20,127
0,1,128
0,2,128
0,3,128
0,4,128
0,5,128
0.1129,6,128
0,7,128
0.20161,8,128
0,9,128
0,10,128
0.24194,11,128
0.20161,12,128
0,13,128
0,14,128
0.24194,15,128
0,16,128
0,17,128
0,18,128
0,19,128
0,20,128
0,1,129
0.037879,2,129
0.060606,3,129
0.15152,4,129
0.17424,5,129
0.20455,6,129
0.12879,7,129
0.05303,8,129
0.037879,9,129
0.05303,10,129
0.037879,11,129
0.022727,12,129
0.015152,13,129
0.0075758,14,129
0.0075758,15,129
0.0075758,16,129
0,17,129
0,18,129
0,19,129
0,20,129
0.0084746,1,130
0.0084746,2,130
0.025424,3,130
0.050847,4,130
0.35593,5,130
0.21186,6,130
0.12712,7,130
0.084746,8,130
0.050847,9,130
0.033898,10,130
0.016949,11,130
0.0084746,12,130
0.0084746,13,130
0,14,130
0,15,130
0,16,130
0,17,130
0,18,130
0,19,130
0.0084746,20,130
0.04,1,131
0.2,2,131
0,3,131
0.04,4,131
0.15,5,131
0.06,6,131
0,7,131
0.2,8,131
0,9,131
0.05,10,131
0,11,131
0,12,131
0,13,131
0,14,131
0.22,15,131
0,16,131
0.03,17,131
0,18,131
0,19,131
0.01,20,131
0,1,132
0,2,132
0,3,132
0,4,132
0,5,132
0,6,132
0,7,132
0,8,132
0.22321,9,132
0,10,132
0,11,132
0,12,132
0.3125,13,132
0,14,132
0,15,132
0,16,132
0,17,132
0,18,132
0.46429,19,132
0,20,132
0.0087719,1,133
0.017544,2,133
0.039474,3,133
0.074561,4,133
0.15351,5,133
0.13158,6,133
0.087719,7,133
0.04386,8,133
0.0087719,9,133
0.004386,10,133
0.013158,11,133
0.039474,12,133
0.065789,13,133
0.035088,14,133
0.052632,15,133
0.092105,16,133
0.026316,17,133
0.013158,18,133
0.004386,19,133
0.087719,20,133
0,1,134
0,2,134
0,3,134
0,4,134
0,5,134
0,6,134
0,7,134
0,8,134
0,9,134
0.1,10,134
0.2,11,134
0.3,12,134
0.2,13,134
0,14,134
0.2,15,134
0,16,134
0,17,134
0,18,134
0,19,134
0,20,134
0,1,135
0.011438,2,135
0.017974,3,135
0.022876,4,135
0.027778,5,135
0.031046,6,135
0.035948,7,135
0.04085,8,135
0.045752,9,135
0.047386,10,135
0.050654,11,135
0.053922,12,135
0.058824,13,135
0.062092,14,135
0.066993,15,135
0.073529,16,135
0.078431,17,135
0.084967,18,135
0.091503,19,135
0.098039,20,135
0,1,136
0.021186,2,136
0.063559,3,136
0.10593,4,136
0.15254,5,136
0,6,136
0,7,136
0,8,136
0.23305,9,136
0,10,136
0,11,136
0.14831,12,136
0,13,136
0,14,136
0,15,136
0,16,136
0,17,136
0,18,136
0,19,136
0.27542,20,136
0.0091027,1,137
0.020806,2,137
0.028609,3,137
0.039012,4,137
0.053316,5,137
0.061118,6,137
0.06632,7,137
0.072822,8,137
0.078023,9,137
0.085826,10,137
0.092328,11,137
0.091027,12,137
0.075423,13,137
0.058518,14,137
0.045514,15,137
0.041612,16,137
0.031209,17,137
0.023407,18,137
0.015605,19,137
0.010403,20,137
0.01,1,138
0.01,2,138
0.01,3,138
0.01,4,138
0.01,5,138
0.02,6,138
0.04,7,138
0.08,8,138
0.11,9,138
0.13,10,138
0.15,11,138
0.13,12,138
0.11,13,138
0.08,14,138
0.04,15,138
0.02,16,138
0.01,17,138
0.01,18,138
0.01,19,138
0.01,20,138
0.01,1,139
0.02,2,139
0.03,3,139
0.04,4,139
0.05,5,139
0.06,6,139
0.07,7,139
0.07,8,139
0.08,9,139
0.09,10,139
0.09,11,139
0.07,12,139
0.07,13,139
0.06,14,139
0.05,15,139
0.04,16,139
0.04,17,139
0.03,18,139
0.02,19,139
0.01,20,139
0.01,1,140
0.02,2,140
0.05,3,140
0.07,4,140
0.09,5,140
0.06,6,140
0.08,7,140
0.09,8,140
0.08,9,140
0.09,10,140
0.11,11,140
0.06,12,140
0.04,13,140
0.03,14,140
0.03,15,140
0.04,16,140
0.02,17,140
0.02,18,140
0.01,19,140
0,20,140
0,1,141
0.01,2,141
0.04,3,141
0.06,4,141
0.02,5,141
0.1,6,141
0.04,7,141
0.25,8,141
0,9,141
0.15,10,141
0,11,141
0.21,12,141
0.02,13,141
0.03,14,141
0,15,141
0,16,141
0,17,141
0.05,18,141
0.02,19,141
0,20,141
0,1,142
0.068627,2,142
0.039216,3,142
0.039216,4,142
0.098039,5,142
0.058824,6,142
0.088235,7,142
0.058824,8,142
0.04902,9,142
0.019608,10,142
0.029412,11,142
0.058824,12,142
0.058824,13,142
0.058824,14,142
0.078431,15,142
0.04902,16,142
0.039216,17,142
0.068627,18,142
0.029412,19,142
0.0098039,20,142
0.0056497,1,143
0.011299,2,143
0.016949,3,143
0.028249,4,143
0.039548,5,143
0.045198,6,143
0.056497,7,143
0.084746,8,143
0.11299,9,143
0.16949,10,143
0.11299,11,143
0.084746,12,143
0.056497,13,143
0.050847,14,143
0.039548,15,143
0.028249,16,143
0.022599,17,143
0.016949,18,143
0.011299,19,143
0.0056497,20,143
0.01,1,144
0.02,2,144
0.1,3,144
0.2,4,144
0.2,5,144
0.2,6,144
0.1,7,144
0.09,8,144
0.08,9,144
0,10,144
0,11,144
0,12,144
0,13,144
0,14,144
0,15,144
0,16,144
0,17,144
0,18,144
0,19,144
0,20,144
0.040816,1,145
0.040816,2,145
0.061224,3,145
0.10204,4,145
0.040816,5,145
0.040816,6,145
0.040816,7,145
0.081633,8,145
0.040816,9,145
0.040816,10,145
0.040816,11,145
0.10204,12,145
0.040816,13,145
0.040816,14,145
0.040816,15,145
0.040816,16,145
0.040816,17,145
0.040816,18,145
0.040816,19,145
0.040816,20,145
0,1,146
0,2,146
0.0031746,3,146
0.0095238,4,146
0.015873,5,146
0.022222,6,146
0.031746,7,146
0.031746,8,146
0.073016,9,146
0.073016,10,146
0.07619,11,146
0.08254,12,146
0.095238,13,146
0.12698,14,146
0.10794,15,146
0.085714,16,146
0.066667,17,146
0.057143,18,146
0.025397,19,146
0.015873,20,146
0.023529,1,147
0.029412,2,147
0.035294,3,147
0.052941,4,147
0.088235,5,147
0.10588,6,147
0.11765,7,147
0.1,8,147
0.076471,9,147
0.058824,10,147
0.052941,11,147
0.047059,12,147
0.041176,13,147
0.041176,14,147
0.035294,15,147
0.029412,16,147
0.029412,17,147
0.017647,18,147
0.011765,19,147
0.0058824,20,147
0.015152,1,148
0.022727,2,148
0.022727,3,148
0.022727,4,148
0.030303,5,148
0.037879,6,148
0.090909,7,148
0.090909,8,148
0.11364,9,148
0.11364,10,148
0.11364,11,148
0.098485,12,148
0.05303,13,148
0.045455,14,148
0.030303,15,148
0.030303,16,148
0.022727,17,148
0.022727,18,148
0.015152,19,148
0.0075758,20,148
0,1,149
0,2,149
0,3,149
0,4,149
0,5,149
0,6,149
0,7,149
0,8,149
0.17241,9,149
0.3046,10,149
0.35057,11,149
0.17241,12,149
0,13,149
0,14,149
0,15,149
0,16,149
0,17,149
0,18,149
0,19,149
0,20,149
0.0066445,1,150
0.013289,2,150
0.0299,3,150
0.039867,4,150
0.056478,5,150
0.063123,6,150
0.069767,7,150
0.083056,8,150
0.093023,9,150
0.10299,10,150
0.089701,11,150
0.076412,12,150
0.07309,13,150
0.059801,14,150
0.046512,15,150
0.039867,16,150
0.026578,17,150
0.019934,18,150
0.0099668,19,150
0,20,150
0.01,1,151
0.01,2,151
0.02,3,151
0.03,4,151
0.06,5,151
0.06,6,151
0.07,7,151
0.08,8,151
0.12,9,151
0.11,10,151
0.1,11,151
0.08,12,151
0.05,13,151
0.06,14,151
0.05,15,151
0.03,16,151
0.02,17,151
0.02,18,151
0.01,19,151
0.01,20,151
0,1,152
0.0077519,2,152
0.015504,3,152
0.023256,4,152
0.031008,5,152
0.046512,6,152
0.085271,7,152
0.085271,8,152
0.085271,9,152
0.085271,10,152
0.085271,11,152
0.077519,12,152
0.077519,13,152
0.077519,14,152
0.062016,15,152
0.054264,16,152
0.046512,17,152
0.031008,18,152
0.015504,19,152
0.0077519,20,152
0.078987,1,153
0.077496,2,153
0.076006,3,153
0.076006,4,153
0.076006,5,153
0.076006,6,153
0.076006,7,153
0.076006,8,153
0.076006,9,153
0.062593,10,153
0.050671,11,153
0.0462,12,153
0.040238,13,153
0.038748,14,153
0.032787,15,153
0.020864,16,153
0.010432,17,153
0.0059613,18,153
0.0014903,19,153
0.0014903,20,153
0.01,1,154
0.01,2,154
0.01,3,154
0.01,4,154
0.03,5,154
0.03,6,154
0.04,7,154
0.05,8,154
0.07,9,154
0.09,10,154
0.11,11,154
0.13,12,154
0.11,13,154
0.09,14,154
0.07,15,154
0.05,16,154
0.04,17,154
0.03,18,154
0.01,19,154
0.01,20,154
0,1,155
0.19802,2,155
0,3,155
0.049505,4,155
0.09901,5,155
0,6,155
0.09901,7,155
0,8,155
0,9,155
0.049505,10,155
0,11,155
0.10891,12,155
0.079208,13,155
0,14,155
0,15,155
0.24752,16,155
0,17,155
0.049505,18,155
0,19,155
0.019802,20,155
0,1,156
0,2,156
0,3,156
0,4,156
0,5,156
0,6,156
0,7,156
0,8,156
0,9,156
0.11,10,156
0.12,11,156
0.26,12,156
0.25,13,156
0.13,14,156
0.09,15,156
0.03,16,156
0.01,17,156
0,18,156
0,19,156
0,20,156
0.012448,1,157
0.024896,2,157
0.037344,3,157
0.053942,4,157
0.091286,5,157
0.062241,6,157
0.041494,7,157
0.058091,8,157
0.091286,9,157
0.058091,10,157
0.041494,11,157
0.058091,12,157
0.078838,13,157
0.049793,14,157
0.024896,15,157
0.045643,16,157
0.074689,17,157
0.049793,18,157
0.033195,19,157
0.012448,20,157
0.0024814,1,158
0.0049628,2,158
0.0074442,3,158
0.0099256,4,158
0.012407,5,158
0.024814,6,158
0.057072,7,158
0.096774,8,158
0.13896,9,158
0.16377,10,158
0.1861,11,158
0.096774,12,158
0.066998,13,158
0.052109,14,158
0.032258,15,158
0.019851,16,158
0.012407,17,158
0.0074442,18,158
0.0049628,19,158
0.0024814,20,158
0.0040486,1,159
0.0080972,2,159
0.012146,3,159
0.024291,4,159
0.02834,5,159
0.032389,6,159
0.036437,7,159
0.044534,8,159
0.052632,9,159
0.05668,10,159
0.064777,11,159
0.064777,12,159
0.05668,13,159
0.05668,14,159
0.064777,15,159
0.068826,16,159
0.072874,17,159
0.076923,18,159
0.08502,19,159
0.089069,20,159
0.0041237,1,160
0.014433,2,160
0.026804,3,160
0.039175,4,160
0.047423,5,160
0.057732,6,160
0.065979,7,160
0.082474,8,160
0.092784,9,160
0.10309,10,160
0.092784,11,160
0.082474,12,160
0.072165,13,160
0.061856,14,160
0.051546,15,160
0.041237,16,160
0.030928,17,160
0.020619,18,160
0.010309,19,160
0.0020619,20,160
0,1,161
0,2,161
0,3,161
0,4,161
0,5,161
0,6,161
0.1,7,161
0.1,8,161
0.2,9,161
0.3,10,161
0.2,11,161
0.1,12,161
0,13,161
0,14,161
0,15,161
0,16,161
0,17,161
0,18,161
0,19,161
0,20,161
0,1,162
0,2,162
0.16327,3,162
0.16327,4,162
0.12245,5,162
0.16327,6,162
0,7,162
0.14286,8,162
0.12245,9,162
0.12245,10,162
0,11,162
0,12,162
0,13,162
0,14,162
0,15,162
0,16,162
0,17,162
0,18,162
0,19,162
0,20,162
0,1,163
0,2,163
0,3,163
0,4,163
0,5,163
0,6,163
0.2,7,163
0.25,8,163
0.55,9,163
0,10,163
0,11,163
0,12,163
0,13,163
0,14,163
0,15,163
0,16,163
0,17,163
0,18,163
0,19,163
0,20,163
